Starting Dynare (version 4.5.6).
Starting preprocessing of the model file ...
Found 11 equation(s).
Evaluating expressions...done
Computing static model derivatives:
 - order 1
Computing dynamic model derivatives:
 - order 1
 - order 2
Processing outputs ...
done
Preprocessing completed.




Residuals of the static equations:

Equation number 1 : 0
Equation number 2 : 0
Equation number 3 : 0
Equation number 4 : 0
Equation number 5 : 0
Equation number 6 : 0
Equation number 7 : 0
Equation number 8 : 0
Equation number 9 : 0
Equation number 10 : 0
Equation number 11 : 0



STEADY-STATE RESULTS:

r_real     		 0
n_R        		 0
n_K        		 0
c_R        		 0
c_K        		 0
r_real_ann 		 0
nu         		 0
i          		 0
pi_p       		 0
i_ann      		 0
pi_p_ann   		 0

EIGENVALUES:
         Modulus             Real        Imaginary

        3.14e-17        -3.14e-17                0
          0.6543           0.6543                0
             0.8              0.8                0
               1                1                0
           1.029            1.029                0


There are 1 eigenvalue(s) larger than 1 in modulus 
for 2 forward-looking variable(s)

The rank condition ISN'T verified!


MODEL SUMMARY

  Number of variables:         11
  Number of stochastic shocks: 1
  Number of state variables:   3
  Number of jumpers:           2
  Number of static variables:  7


MATRIX OF COVARIANCE OF EXOGENOUS SHOCKS
Variables      eps_nu
eps_nu       0.010000

POLICY AND TRANSITION FUNCTIONS
                          r_real_ann             c_R             c_K             n_K          r_real           i_ann               i            pi_p        pi_p_ann
r_real(-1)                         0               0       -6.251954       -3.032198               0       -0.155766       -0.038941       -0.059518       -0.238070
nu(-1)                      3.200000       -2.000000       -2.125039       -2.060644        0.800000        0.744710        0.186177       -0.389338       -1.557353
pi_p(-1)                           0               0               0               0               0        1.712350        0.428088        0.654284        2.617136
eps_nu                      4.000000       -2.500000       -2.656299       -2.575805        1.000000        0.930887        0.232722       -0.486673       -1.946692


THEORETICAL MOMENTS
VARIABLE           MEAN  STD. DEV.   VARIANCE
r_real_ann       0.0000     0.6667     0.4444
c_R              0.0000     0.4167     0.1736
c_K              0.0000     1.4212     2.0198
n_K              0.0000     0.8870     0.7868
r_real           0.0000     0.1667     0.0278
i_ann            0.0000     0.3002     0.0901
i                0.0000     0.0750     0.0056
pi_p             0.0000     0.2143     0.0459
pi_p_ann         0.0000     0.8571     0.7346



MATRIX OF CORRELATIONS
Variables     r_real_ann         c_R         c_K         n_K      r_real       i_ann           i        pi_p    pi_p_ann
r_real_ann        1.0000     -1.0000     -0.8980     -0.9398      1.0000     -0.4050     -0.4050     -0.8721     -0.8721
c_R              -1.0000      1.0000      0.8980      0.9398     -1.0000      0.4050      0.4050      0.8721      0.8721
c_K              -0.8980      0.8980      1.0000      0.9943     -0.8980      0.6679      0.6679      0.9460      0.9460
n_K              -0.9398      0.9398      0.9943      1.0000     -0.9398      0.6170      0.6170      0.9460      0.9460
r_real            1.0000     -1.0000     -0.8980     -0.9398      1.0000     -0.4050     -0.4050     -0.8721     -0.8721
i_ann            -0.4050      0.4050      0.6679      0.6170     -0.4050      1.0000      1.0000      0.8007      0.8007
i                -0.4050      0.4050      0.6679      0.6170     -0.4050      1.0000      1.0000      0.8007      0.8007
pi_p             -0.8721      0.8721      0.9460      0.9460     -0.8721      0.8007      0.8007      1.0000      1.0000
pi_p_ann         -0.8721      0.8721      0.9460      0.9460     -0.8721      0.8007      0.8007      1.0000      1.0000



COEFFICIENTS OF AUTOCORRELATION
Order              1       2       3       4       5
r_real_ann    0.8000  0.6400  0.5120  0.4096  0.3277
c_R           0.8000  0.6400  0.5120  0.4096  0.3277
c_K           0.8822  0.7058  0.5646  0.4517  0.3614
n_K           0.8993  0.7194  0.5755  0.4604  0.3683
r_real        0.8000  0.6400  0.5120  0.4096  0.3277
i_ann         0.8462  0.7072  0.5856  0.4814  0.3936
i             0.8462  0.7072  0.5856  0.4814  0.3936
pi_p          0.9588  0.8709  0.7647  0.6562  0.5540
pi_p_ann      0.9588  0.8709  0.7647  0.6562  0.5540
Total computing time : 0h00m00s
